0 2
1 2
2 2
3 2
4 1
5 1
6 0
7 2
8 2
9 0
10 2
11 0
12 1
13 2
14 0
15 0
16 0
17 2
18 0
19 1
20 1
21 1
22 1
23 0
24 2
25 1
26 2
27 1
28 2
29 2
30 1
31 0
32 2
33 2
34 2
35 0
36 1
37 2
38 1
39 0
40 0
41 0
42 0
43 0
44 0
45 1
46 2
47 0
48 2
49 2
50 1
51 0
52 2
53 0
54 1
55 0
56 2
57 0
58 1
59 0
60 2
61 1
62 0
63 2
64 1
65 0
66 0
67 2
68 1
69 0
70 1
71 2
72 0
73 1
74 2
75 2
76 2
77 0
78 1
79 2
80 2
81 0
82 2
83 1
84 2
85 2
86 1
87 2
88 1
89 2
90 1
91 1
92 2
93 1
94 1
95 1
96 0
97 0
98 2
99 2
100 2
101 1
102 2
103 2
104 0
105 0
106 2
107 1
108 2
109 2
110 1
111 0
112 2
113 1
114 2
115 2
116 1
117 2
118 1
119 1
120 0
121 0
122 2
123 1
124 0
125 1
126 0
127 1
128 0
129 1
130 0
131 1
132 0
133 2
134 2
135 1
136 1
137 2
138 2
139 1
140 0
141 0
142 2
143 1
144 0
145 0
146 0
147 2
148 0
149 0
150 1
151 0
152 0
153 1
154 1
155 1
156 1
157 1
158 0
159 0
160 1
161 2
162 1
163 2
164 0
165 1
166 1
167 1
168 1
169 1
170 1
171 2
172 2
173 0
174 0
175 2
176 1
177 0
178 0
179 1
180 2
181 1
182 0
183 0
184 1
185 0
186 0
187 1
188 2
189 1
190 0
191 0
192 2
193 2
194 2
195 0
196 2
197 2
198 0
199 2
200 1
201 2
202 0
203 2
204 1
205 0
206 2
207 1
208 0
209 0
210 1
211 0
212 0
213 2
214 1
215 1
216 2
217 1
218 2
219 1
220 2
221 1
222 1
223 1
224 0
225 0
226 0
227 2
228 0
229 2
230 2
231 0
232 0
233 1
234 1
235 0
236 2
237 0
238 2
239 0
240 2
241 2
242 0
243 0
244 0
245 0
246 0
247 0
248 0
249 2
250 0
251 0
252 1
253 1
254 1
255 1
256 0
257 2
258 0
259 2
260 1
261 2
262 0
263 1
264 1
265 2
266 1
267 2
268 1
269 2
270 1
271 0
272 2
273 0
274 1
275 1
276 2
277 2
278 1
279 1
280 0
281 0
282 0
283 0
284 1
285 1
286 0
287 1
288 1
289 2
290 1
291 2
292 0
293 2
294 1
295 2
296 2
297 2
298 1
299 2