100 5 1
-103.3333 20.5222
111.5043 -6.8396
-96.7844 16.8694
-88.3707 43.5869
26.4167 -20.5833
27.3316 -20.9907
3.2358 13.6132
118.9918 32.7315
139.0491 -34.7749
151.6116 -33.0423
-36.8403 -10.2111
114.9346 24.4533
33.8849 0.2398
-78.6439 41.9559
122.1981 -8.6951
144.3607 -38.1471
78.3978 27.1509
-1.2775 48.3402
144.9595 -37.6639
115.1544 22.8135
-69.7010 8.4403
112.4232 -7.0510
25.7908 35.0486
151.2552 -33.9205
31.7500 -19.0667
-0.4370 44.8511
5.4965 47.0458
8.2651 12.6586
115.7306 -31.7355
11.9005 54.1071
4.4875 51.7967
30.9855 2.4167
78.8414 10.6337
23.8860 54.9291
120.0754 30.4461
123.1414 -8.3207
151.2883 -33.7980
13.5013 52.5461
112.4484 -6.8776
20.3772 41.7294
145.1305 -38.0148
116.0276 -31.9519
138.6139 -32.7344
82.5605 23.2621
80.5184 41.0836
-89.0467 37.0517
-99.6122 19.3761
-122.0733 37.0513
12.9533 42.0033
151.1251 -33.9209
-85.7061 41.6753
1.6559 49.1380
7.3115 48.1804
-14.0167 13.3667
-98.7672 19.0543
-79.9122 8.7069
115.5625 40.0012
147.3244 -42.8945
-151.2953 59.7361
2.9531 42.6542
26.4974 44.5031
100.5966 16.1600
150.7311 -34.9075
115.7247 -31.6828
24.5631 38.9042
20.1211 -33.7866
153.2333 -27.7333
-102.2842 19.9494
111.1360 -6.8366
3.4251 50.3681
-78.7006 38.0696
138.6049 -35.0405
24.2008 -13.5927
1.7884 12.0731
-122.7620 45.4807
-111.9488 35.2606
29.8818 -27.3654
-5.9114 6.6210
34.9243 32.4079
21.2561 -28.4478
-0.1620 53.5810
13.4925 -14.9172
151.2613 -32.8886
120.9543 31.3776
43.8779 40.3917
123.2520 -8.3140
151.3511 -32.6555
-10.1336 8.5674
-101.6760 20.4836
-71.4745 44.4190
15.5960 5.9340
7.3183 6.7090
14.5754 45.0274
144.2527 -36.7726
-66.4454 18.3513
-99.6242 19.2371
1.5093 43.5024
9.9389 12.3334
11.0458 43.2605
13.4179 11.6533