100 2 2
-94.5830 32.3874
2.7882 44.1822
130.1528 42.8136
88.4621 27.0562
27.8380 -26.0367
71.1916 39.2197
145.9365 -30.0901
-2.4994 50.9794
-75.3525 41.4274
28.4464 -14.4469
36.8883 -17.8786
9.1361 36.3280
97.1011 3.4034
113.3138 -8.2461
24.0852 -29.6246
151.6685 -33.0208
112.5668 23.2039
-104.7186 19.2439
-84.1966 33.1168
14.1867 12.3405
12.2167 50.5000
4.5812 10.7061
-81.9084 28.0356
99.9010 33.9686
-12.0516 28.0946
9.1081 9.9910
143.0424 -22.3819
117.3727 39.2664
-101.1249 19.0197
-104.5436 20.9150
138.5531 -35.0042
-82.0308 8.4580
151.5833 -32.9833
-79.5475 35.0324
-89.9193 36.4520
151.1764 -33.8897
5.0167 52.3058
85.1441 56.3680
123.9218 9.6875
-68.9978 44.5212
110.8680 30.1755
-80.8112 37.3315
120.8792 53.8603
-98.0339 20.4900
-92.6285 16.3506
3.0782 49.1375
150.9986 -33.7838
150.3055 -28.5471
-96.7446 16.2540
14.2069 12.3730
10.8539 33.8206
151.2537 -33.8055
138.4710 -35.1480
10.7667 53.7167
122.2392 -17.9554
22.3294 51.3552
108.9450 34.1511
-6.1634 40.1935
107.3958 29.7060
22.0254 40.7934
30.4167 -0.9000
114.8275 31.3021
24.3500 37.6333
10.7288 10.3744
19.6014 44.3731
136.8667 35.4167
138.8676 -35.5101
108.1693 30.5662
-93.0603 17.2303
26.5133 47.4502
-95.0160 29.3483
-2.8871 42.4478
2.0860 14.3164
120.4358 15.6169
146.7856 -37.9813
150.7918 -34.5663
13.9617 46.6792
106.9267 -6.9181
-1.1270 43.6127
-0.8336 47.6012
-0.0146 47.7183
5.6111 51.3517
3.8815 35.6700
-92.1918 32.5160
106.8542 -6.4817
109.1026 34.1305
-66.3670 -23.3986
-103.4613 21.4634
-62.7195 -31.8721
37.3481 -1.3034
-5.3023 34.4774
11.0406 12.8740
23.8833 -24.4000
151.3238 -33.5966
153.0032 -25.9191
144.8431 -34.5090
13.8561 46.6063
150.6655 -33.7752
3.3947 6.4541
145.2968 -38.1364